#! FIELDS time sort.1 sort.128 restraint-all.bias
 0.000000 0.023096 0.023415 4.986755
 0.005000 0.023101 0.023402 4.986974
 0.010000 0.023097 0.023411 4.986830
 0.015000 0.023103 0.023412 4.986803
 0.020000 0.023098 0.023402 4.986979
 0.025000 0.023104 0.023421 4.986649
 0.030000 0.023100 0.023405 4.986922
 0.035000 0.023104 0.023418 4.986709
 0.040000 0.023102 0.023418 4.986694
 0.045000 0.023104 0.023405 4.986926
 0.050000 0.023106 0.023432 4.986463
 0.055000 0.023103 0.023406 4.986910
 0.060000 0.023109 0.023433 4.986435
 0.065000 0.023104 0.023424 4.986594
 0.070000 0.023113 0.023424 4.986605
 0.075000 0.023106 0.023441 4.986305
 0.080000 0.023118 0.023420 4.986675
 0.085000 0.023111 0.023451 4.986129
 0.090000 0.023123 0.023429 4.986509
 0.095000 0.023120 0.023451 4.986134
 0.100000 0.023127 0.023449 4.986165
 0.105000 0.023130 0.023439 4.986342
 0.110000 0.023131 0.023462 4.985936
 0.115000 0.023136 0.023446 4.986225
 0.120000 0.023137 0.023473 4.985749
 0.125000 0.023143 0.023458 4.986011
 0.130000 0.023143 0.023471 4.985782
 0.135000 0.023146 0.023467 4.985850
 0.140000 0.023145 0.023467 4.985853
 0.145000 0.023148 0.023482 4.985590
 0.150000 0.023148 0.023469 4.985828
 0.155000 0.023152 0.023489 4.985478
 0.160000 0.023155 0.023472 4.985774
 0.165000 0.023158 0.023483 4.985570
 0.170000 0.023165 0.023482 4.985600
 0.175000 0.023156 0.023483 4.985575
 0.180000 0.023170 0.023495 4.985370
 0.185000 0.023155 0.023478 4.985656
 0.190000 0.023176 0.023497 4.985343
 0.195000 0.023163 0.023483 4.985572
 0.200000 0.023175 0.023496 4.985354
 0.205000 0.023175 0.023496 4.985345
 0.210000 0.023168 0.023489 4.985469
 0.215000 0.023173 0.023506 4.985173
 0.220000 0.023163 0.023494 4.985381
 0.225000 0.023173 0.023514 4.985037
 0.230000 0.023169 0.023504 4.985217
 0.235000 0.023174 0.023520 4.984933
 0.240000 0.023183 0.023516 4.985000
 0.245000 0.023177 0.023512 4.985069
 0.250000 0.023188 0.023518 4.984974
 0.255000 0.023174 0.023512 4.985072
 0.260000 0.023189 0.023531 4.984746
 0.265000 0.023178 0.023525 4.984857
 0.270000 0.023188 0.023532 4.984729
 0.275000 0.023177 0.023526 4.984830
 0.280000 0.023182 0.023521 4.984926
 0.285000 0.023180 0.023529 4.984790
 0.290000 0.023177 0.023532 4.984736
 0.295000 0.023175 0.023538 4.984624
 0.300000 0.023182 0.023533 4.984711
 0.305000 0.023173 0.023535 4.984674
 0.310000 0.023186 0.023526 4.984830
 0.315000 0.023166 0.023538 4.984633
 0.320000 0.023185 0.023537 4.984647
 0.325000 0.023166 0.023539 4.984613
 0.330000 0.023186 0.023540 4.984598
 0.335000 0.023165 0.023532 4.984722
 0.340000 0.023177 0.023543 4.984546
 0.345000 0.023177 0.023535 4.984675
 0.350000 0.023172 0.023543 4.984543
 0.355000 0.023180 0.023539 4.984615
 0.360000 0.023173 0.023540 4.984599
 0.365000 0.023178 0.023547 4.984478
 0.370000 0.023175 0.023544 4.984530
 0.375000 0.023170 0.023545 4.984507
 0.380000 0.023175 0.023543 4.984532
 0.385000 0.023163 0.023548 4.984448
 0.390000 0.023172 0.023550 4.984425
 0.395000 0.023160 0.023551 4.984396
 0.400000 0.023168 0.023546 4.984482
 0.405000 0.023157 0.023548 4.984455
 0.410000 0.023164 0.023556 4.984324
 0.415000 0.023155 0.023552 4.984379
 0.420000 0.023161 0.023559 4.984262
 0.425000 0.023157 0.023550 4.984421
 0.430000 0.023161 0.023555 4.984335
 0.435000 0.023162 0.023562 4.984212
 0.440000 0.023162 0.023555 4.984325
 0.445000 0.023167 0.023565 4.984164
 0.450000 0.023160 0.023557 4.984306
 0.455000 0.023173 0.023566 4.984143
 0.460000 0.023158 0.023568 4.984114
 0.465000 0.023175 0.023559 4.984269
 0.470000 0.023157 0.023569 4.984084
 0.475000 0.023180 0.023563 4.984203
 0.480000 0.023158 0.023570 4.984066
 0.485000 0.023182 0.023572 4.984035
 0.490000 0.023161 0.023572 4.984045
 0.495000 0.023179 0.023573 4.984025
 0.500000 0.023167 0.023570 4.984070
 0.505000 0.023174 0.023580 4.983907
 0.510000 0.023170 0.023576 4.983965
 0.515000 0.023169 0.023582 4.983863
 0.520000 0.023168 0.023576 4.983977
 0.525000 0.023164 0.023583 4.983844
 0.530000 0.023170 0.023581 4.983878
 0.535000 0.023163 0.023590 4.983720
 0.540000 0.023174 0.023586 4.983792
 0.545000 0.023166 0.023586 4.983798
 0.550000 0.023171 0.023589 4.983752
 0.555000 0.023171 0.023577 4.983960
 0.560000 0.023172 0.023603 4.983501
 0.565000 0.023177 0.023583 4.983848
 0.570000 0.023170 0.023605 4.983461
 0.575000 0.023182 0.023589 4.983736
 0.580000 0.023175 0.023594 4.983658
 0.585000 0.023186 0.023605 4.983471
 0.590000 0.023176 0.023580 4.983895
 0.595000 0.023185 0.023617 4.983266
 0.600000 0.023178 0.023594 4.983661
 0.605000 0.023185 0.023615 4.983298
 0.610000 0.023183 0.023597 4.983601
 0.615000 0.023185 0.023599 4.983571
 0.620000 0.023189 0.023615 4.983296
 0.625000 0.023189 0.023597 4.983599
 0.630000 0.023187 0.023623 4.983158
 0.635000 0.023191 0.023601 4.983529
 0.640000 0.023184 0.023618 4.983250
 0.645000 0.023192 0.023600 4.983561
 0.650000 0.023184 0.023611 4.983358
 0.655000 0.023188 0.023618 4.983251
 0.660000 0.023190 0.023604 4.983479
 0.665000 0.023184 0.023621 4.983183
 0.670000 0.023192 0.023601 4.983540
 0.675000 0.023180 0.023626 4.983112
 0.680000 0.023192 0.023603 4.983500
 0.685000 0.023183 0.023623 4.983163
 0.690000 0.023185 0.023614 4.983313
 0.695000 0.023186 0.023607 4.983432
 0.700000 0.023178 0.023631 4.983024
 0.705000 0.023189 0.023609 4.983399
 0.710000 0.023174 0.023637 4.982920
 0.715000 0.023186 0.023606 4.983454
 0.720000 0.023179 0.023629 4.983050
 0.725000 0.023181 0.023624 4.983138
 0.730000 0.023184 0.023615 4.983289
 0.735000 0.023176 0.023641 4.982852
 0.740000 0.023188 0.023615 4.983297
 0.745000 0.023172 0.023643 4.982803
 0.750000 0.023187 0.023605 4.983474
 0.755000 0.023173 0.023633 4.982984
 0.760000 0.023184 0.023630 4.983032
 0.765000 0.023176 0.023622 4.983176
 0.770000 0.023179 0.023644 4.982796
 0.775000 0.023182 0.023615 4.983289
 0.780000 0.023176 0.023644 4.982797
 0.785000 0.023184 0.023608 4.983408
 0.790000 0.023173 0.023631 4.983017
 0.795000 0.023187 0.023629 4.983046
 0.800000 0.023173 0.023623 4.983157
 0.805000 0.023186 0.023639 4.982883
 0.810000 0.023179 0.023619 4.983228
 0.815000 0.023187 0.023637 4.982921
 0.820000 0.023183 0.023619 4.983220
 0.825000 0.023185 0.023639 4.982879
 0.830000 0.023191 0.023628 4.983069
 0.835000 0.023186 0.023629 4.983058
 0.840000 0.023191 0.023637 4.982916
 0.845000 0.023184 0.023622 4.983167
 0.850000 0.023190 0.023649 4.982708
 0.855000 0.023187 0.023628 4.983070
 0.860000 0.023187 0.023648 4.982717
 0.865000 0.023186 0.023624 4.983138
 0.870000 0.023187 0.023634 4.982960
 0.875000 0.023188 0.023647 4.982744
 0.880000 0.023184 0.023630 4.983035
 0.885000 0.023188 0.023657 4.982577
 0.890000 0.023188 0.023624 4.983137
 0.895000 0.023187 0.023653 4.982636
 0.900000 0.023189 0.023631 4.983018
 0.905000 0.023184 0.023637 4.982919
 0.910000 0.023195 0.023652 4.982663
 0.915000 0.023186 0.023625 4.983123
 0.920000 0.023197 0.023658 4.982543
 0.925000 0.023190 0.023629 4.983050
 0.930000 0.023198 0.023653 4.982638
 0.935000 0.023197 0.023640 4.982871
 0.940000 0.023197 0.023638 4.982890
 0.945000 0.023202 0.023655 4.982602
 0.950000 0.023196 0.023633 4.982987
 0.955000 0.023205 0.023658 4.982547
 0.960000 0.023195 0.023630 4.983039
 0.965000 0.023205 0.023651 4.982667
 0.970000 0.023198 0.023646 4.982758
 0.975000 0.023201 0.023645 4.982782
 0.980000 0.023200 0.023654 4.982618
 0.985000 0.023198 0.023634 4.982958
 0.990000 0.023204 0.023655 4.982595
 0.995000 0.023196 0.023642 4.982834
 1.000000 0.023205 0.023658 4.982546
 1.005000 0.023196 0.023648 4.982732
 1.010000 0.023205 0.023649 4.982715
 1.015000 0.023196 0.023648 4.982717
 1.020000 0.023205 0.023646 4.982755
 1.025000 0.023201 0.023662 4.982487
 1.030000 0.023204 0.023645 4.982773
 1.035000 0.023205 0.023662 4.982481
 1.040000 0.023204 0.023652 4.982652
 1.045000 0.023210 0.023655 4.982604
 1.050000 0.023202 0.023655 4.982597
 1.055000 0.023212 0.023651 4.982680
 1.060000 0.023201 0.023666 4.982415
 1.065000 0.023212 0.023651 4.982668
 1.070000 0.023203 0.023664 4.982449
 1.075000 0.023207 0.023655 4.982599
 1.080000 0.023208 0.023661 4.982498
 1.085000 0.023201 0.023659 4.982536
 1.090000 0.023210 0.023650 4.982698
 1.095000 0.023199 0.023665 4.982426
 1.100000 0.023209 0.023652 4.982656
 1.105000 0.023202 0.023667 4.982397
 1.110000 0.023206 0.023651 4.982668
 1.115000 0.023206 0.023663 4.982459
 1.120000 0.023204 0.023660 4.982515
 1.125000 0.023207 0.023648 4.982724
 1.130000 0.023204 0.023665 4.982439
 1.135000 0.023207 0.023653 4.982638
 1.140000 0.023205 0.023671 4.982330
 1.145000 0.023206 0.023655 4.982610
 1.150000 0.023201 0.023665 4.982428
 1.155000 0.023207 0.023655 4.982600
 1.160000 0.023205 0.023657 4.982574
 1.165000 0.023210 0.023668 4.982380
 1.170000 0.023207 0.023658 4.982559
 1.175000 0.023206 0.023673 4.982300
 1.180000 0.023205 0.023655 4.982605
 1.185000 0.023202 0.023667 4.982404
 1.190000 0.023205 0.023652 4.982662
 1.195000 0.023197 0.023665 4.982428
 1.200000 0.023209 0.023667 4.982399
 1.205000 0.023199 0.023659 4.982526
 1.210000 0.023210 0.023670 4.982336
 1.215000 0.023205 0.023652 4.982656
 1.220000 0.023207 0.023675 4.982258
 1.225000 0.023204 0.023654 4.982618
 1.230000 0.023206 0.023668 4.982374
 1.235000 0.023204 0.023665 4.982432
 1.240000 0.023205 0.023659 4.982538
 1.245000 0.023204 0.023679 4.982185
 1.250000 0.023204 0.023652 4.982659
 1.255000 0.023203 0.023682 4.982132
 1.260000 0.023201 0.023656 4.982587
 1.265000 0.023201 0.023673 4.982292
 1.270000 0.023199 0.023670 4.982341
 1.275000 0.023200 0.023657 4.982569
 1.280000 0.023198 0.023684 4.982094
 1.285000 0.023201 0.023652 4.982662
 1.290000 0.023196 0.023687 4.982055
 1.295000 0.023202 0.023653 4.982636
 1.300000 0.023196 0.023676 4.982239
 1.305000 0.023203 0.023675 4.982266
 1.310000 0.023198 0.023656 4.982590
 1.315000 0.023202 0.023689 4.982019
 1.320000 0.023197 0.023653 4.982644
 1.325000 0.023201 0.023690 4.981998
 1.330000 0.023202 0.023656 4.982592
 1.335000 0.023196 0.023678 4.982203
 1.340000 0.023204 0.023679 4.982180
 1.345000 0.023197 0.023661 4.982494
 1.350000 0.023203 0.023691 4.981982
 1.355000 0.023200 0.023651 4.982664
 1.360000 0.023198 0.023689 4.982024
 1.365000 0.023203 0.023664 4.982453
 1.370000 0.023196 0.023675 4.982250
 1.375000 0.023206 0.023681 4.982154
 1.380000 0.023199 0.023664 4.982448
 1.385000 0.023201 0.023686 4.982070
 1.390000 0.023203 0.023659 4.982527
 1.395000 0.023197 0.023683 4.982128
 1.400000 0.023200 0.023672 4.982311
 1.405000 0.023195 0.023679 4.982188
 1.410000 0.023204 0.023679 4.982190
 1.415000 0.023197 0.023666 4.982414
 1.420000 0.023200 0.023680 4.982169
 1.425000 0.023198 0.023671 4.982327
 1.430000 0.023192 0.023686 4.982067
 1.435000 0.023199 0.023674 4.982279
 1.440000 0.023190 0.023679 4.982182
 1.445000 0.023199 0.023678 4.982208
 1.450000 0.023192 0.023678 4.982199
 1.455000 0.023199 0.023685 4.982089
 1.460000 0.023195 0.023676 4.982238
 1.465000 0.023197 0.023690 4.982006
 1.470000 0.023198 0.023669 4.982369
 1.475000 0.023192 0.023689 4.982015
 1.480000 0.023197 0.023675 4.982250
 1.485000 0.023196 0.023688 4.982032
 1.490000 0.023196 0.023687 4.982051
 1.495000 0.023199 0.023676 4.982239
 1.500000 0.023196 0.023693 4.981942
 1.505000 0.023200 0.023674 4.982279
 1.510000 0.023194 0.023699 4.981850
 1.515000 0.023198 0.023681 4.982157
 1.520000 0.023195 0.023692 4.981970
 1.525000 0.023198 0.023686 4.982074
 1.530000 0.023202 0.023672 4.982304
 1.535000 0.023198 0.023700 4.981821
 1.540000 0.023201 0.023681 4.982154
 1.545000 0.023194 0.023703 4.981781
 1.550000 0.023196 0.023685 4.982085
 1.555000 0.023195 0.023692 4.981962
 1.560000 0.023192 0.023691 4.981987
 1.565000 0.023200 0.023679 4.982189
 1.570000 0.023191 0.023704 4.981752
 1.575000 0.023205 0.023684 4.982110
 1.580000 0.023194 0.023706 4.981720
 1.585000 0.023204 0.023683 4.982112
 1.590000 0.023200 0.023696 4.981896
 1.595000 0.023197 0.023693 4.981954
 1.600000 0.023202 0.023683 4.982112
 1.605000 0.023192 0.023706 4.981713
 1.610000 0.023202 0.023686 4.982068
 1.615000 0.023193 0.023708 4.981684
 1.620000 0.023201 0.023682 4.982141
 1.625000 0.023198 0.023698 4.981862
 1.630000 0.023201 0.023693 4.981945
 1.635000 0.023207 0.023689 4.982012
 1.640000 0.023199 0.023706 4.981729
 1.645000 0.023209 0.023686 4.982066
 1.650000 0.023197 0.023706 4.981729
 1.655000 0.023208 0.023680 4.982178
 1.660000 0.023195 0.023703 4.981774
 1.665000 0.023206 0.023696 4.981890
 1.670000 0.023195 0.023693 4.981943
 1.675000 0.023207 0.023704 4.981762
 1.680000 0.023199 0.023685 4.982085
 1.685000 0.023209 0.023711 4.981642
 1.690000 0.023203 0.023687 4.982045
 1.695000 0.023205 0.023710 4.981648
 1.700000 0.023206 0.023696 4.981893
 1.705000 0.023198 0.023697 4.981882
 1.710000 0.023205 0.023705 4.981732
 1.715000 0.023190 0.023688 4.982032
 1.720000 0.023206 0.023716 4.981553
 1.725000 0.023182 0.023691 4.981980
 1.730000 0.023204 0.023713 4.981593
 1.735000 0.023182 0.023690 4.982006
 1.740000 0.023204 0.023698 4.981856
 1.745000 0.023185 0.023707 4.981710
 1.750000 0.023200 0.023695 4.981909
 1.755000 0.023188 0.023715 4.981559
 1.760000 0.023198 0.023687 4.982054
 1.765000 0.023192 0.023711 4.981628
 1.770000 0.023195 0.023687 4.982053
 1.775000 0.023194 0.023706 4.981729
 1.780000 0.023193 0.023705 4.981734
 1.785000 0.023193 0.023695 4.981904
 1.790000 0.023191 0.023711 4.981628
 1.795000 0.023196 0.023679 4.982193
 1.800000 0.023194 0.023714 4.981586
 1.805000 0.023198 0.023689 4.982018
 1.810000 0.023193 0.023710 4.981644
 1.815000 0.023199 0.023702 4.981792
 1.820000 0.023194 0.023694 4.981923
 1.825000 0.023199 0.023712 4.981613
 1.830000 0.023198 0.023681 4.982157
 1.835000 0.023200 0.023718 4.981507
 1.840000 0.023199 0.023690 4.981991
 1.845000 0.023192 0.023712 4.981618
 1.850000 0.023201 0.023697 4.981874
 1.855000 0.023189 0.023693 4.981950
 1.860000 0.023201 0.023715 4.981569
 1.865000 0.023189 0.023687 4.982050
 1.870000 0.023200 0.023720 4.981485
 1.875000 0.023192 0.023692 4.981960
 1.880000 0.023198 0.023712 4.981617
 1.885000 0.023197 0.023699 4.981835
 1.890000 0.023191 0.023693 4.981945
 1.895000 0.023195 0.023716 4.981547
 1.900000 0.023184 0.023688 4.982038
 1.905000 0.023192 0.023720 4.981473
 1.910000 0.023180 0.023694 4.981937
 1.915000 0.023190 0.023713 4.981608
 1.920000 0.023180 0.023700 4.981831
 1.925000 0.023192 0.023698 4.981860
 1.930000 0.023184 0.023714 4.981581
 1.935000 0.023194 0.023689 4.982021
 1.940000 0.023188 0.023717 4.981527
 1.945000 0.023190 0.023700 4.981831
 1.950000 0.023188 0.023709 4.981662
 1.955000 0.023188 0.023701 4.981809
 1.960000 0.023191 0.023700 4.981826
 1.965000 0.023189 0.023710 4.981649
 1.970000 0.023193 0.023696 4.981889
 1.975000 0.023189 0.023712 4.981624
 1.980000 0.023191 0.023703 4.981782
 1.985000 0.023189 0.023712 4.981620
 1.990000 0.023190 0.023697 4.981873
 1.995000 0.023188 0.023700 4.981820
 2.000000 0.023188 0.023704 4.981748
 2.005000 0.023189 0.023701 4.981815
 2.010000 0.023192 0.023715 4.981572
 2.015000 0.023193 0.023700 4.981822
 2.020000 0.023193 0.023714 4.981578
 2.025000 0.023194 0.023693 4.981944
 2.030000 0.023194 0.023701 4.981800
 2.035000 0.023190 0.023705 4.981742
 2.040000 0.023195 0.023699 4.981836
 2.045000 0.023189 0.023715 4.981559
 2.050000 0.023193 0.023699 4.981842
 2.055000 0.023192 0.023714 4.981584
 2.060000 0.023193 0.023691 4.981987
 2.065000 0.023195 0.023701 4.981810
 2.070000 0.023193 0.023703 4.981777
 2.075000 0.023191 0.023702 4.981790
 2.080000 0.023194 0.023713 4.981600
 2.085000 0.023192 0.023697 4.981883
 2.090000 0.023195 0.023712 4.981625
 2.095000 0.023191 0.023684 4.982094
 2.100000 0.023196 0.023701 4.981812
 2.105000 0.023190 0.023702 4.981792
 2.110000 0.023193 0.023700 4.981821
 2.115000 0.023190 0.023711 4.981638
 2.120000 0.023192 0.023690 4.981994
 2.125000 0.023191 0.023709 4.981675
 2.130000 0.023191 0.023685 4.982077
 2.135000 0.023189 0.023703 4.981772
 2.140000 0.023187 0.023701 4.981807
 2.145000 0.023186 0.023695 4.981911
 2.150000 0.023184 0.023708 4.981686
 2.155000 0.023186 0.023688 4.982032
 2.160000 0.023188 0.023712 4.981612
 2.165000 0.023188 0.023687 4.982048
 2.170000 0.023184 0.023706 4.981718
 2.175000 0.023193 0.023697 4.981869
 2.180000 0.023184 0.023696 4.981893
 2.185000 0.023192 0.023708 4.981691
 2.190000 0.023185 0.023687 4.982046
 2.195000 0.023190 0.023712 4.981611
 2.200000 0.023186 0.023685 4.982091
 2.205000 0.023189 0.023705 4.981730
 2.210000 0.023185 0.023689 4.982020
 2.215000 0.023190 0.023693 4.981950
 2.220000 0.023187 0.023705 4.981732
 2.225000 0.023192 0.023682 4.982143
 2.230000 0.023195 0.023710 4.981657
 2.235000 0.023189 0.023684 4.982097
 2.240000 0.023197 0.023702 4.981792
 2.245000 0.023186 0.023693 4.981945
 2.250000 0.023197 0.023687 4.982043
 2.255000 0.023185 0.023702 4.981785
 2.260000 0.023196 0.023682 4.982134
 2.265000 0.023188 0.023706 4.981729
 2.270000 0.023191 0.023688 4.982039
 2.275000 0.023193 0.023697 4.981870
 2.280000 0.023189 0.023694 4.981923
 2.285000 0.023193 0.023688 4.982029
 2.290000 0.023183 0.023699 4.981844
 2.295000 0.023195 0.023682 4.982129
 2.300000 0.023180 0.023699 4.981836
 2.305000 0.023193 0.023688 4.982035
 2.310000 0.023180 0.023700 4.981834
 2.315000 0.023189 0.023696 4.981901
 2.320000 0.023184 0.023690 4.982002
 2.325000 0.023189 0.023697 4.981884
 2.330000 0.023188 0.023681 4.982158
 2.335000 0.023192 0.023702 4.981796
 2.340000 0.023187 0.023692 4.981967
 2.345000 0.023192 0.023703 4.981774
 2.350000 0.023186 0.023698 4.981853
 2.355000 0.023194 0.023692 4.981966
 2.360000 0.023188 0.023695 4.981912
 2.365000 0.023194 0.023688 4.982030
 2.370000 0.023189 0.023704 4.981753
 2.375000 0.023192 0.023698 4.981857
 2.380000 0.023191 0.023704 4.981751
 2.385000 0.023193 0.023700 4.981834
 2.390000 0.023193 0.023692 4.981966
 2.395000 0.023190 0.023694 4.981933
 2.400000 0.023194 0.023694 4.981929
 2.405000 0.023191 0.023702 4.981797
 2.410000 0.023193 0.023699 4.981836
 2.415000 0.023193 0.023700 4.981818
 2.420000 0.023199 0.023700 4.981832
 2.425000 0.023188 0.023688 4.982039
 2.430000 0.023198 0.023691 4.981973
 2.435000 0.023188 0.023696 4.981895
 2.440000 0.023199 0.023695 4.981911
 2.445000 0.023195 0.023702 4.981785
 2.450000 0.023195 0.023692 4.981968
 2.455000 0.023198 0.023698 4.981867
 2.460000 0.023190 0.023690 4.981996
 2.465000 0.023193 0.023686 4.982076
 2.470000 0.023188 0.023700 4.981819
 2.475000 0.023188 0.023687 4.982058
 2.480000 0.023186 0.023700 4.981823
 2.485000 0.023183 0.023686 4.982062
 2.490000 0.023191 0.023690 4.981992
 2.495000 0.023184 0.023695 4.981918
 2.500000 0.023192 0.023680 4.982171
 2.505000 0.023183 0.023699 4.981838
 2.510000 0.023193 0.023679 4.982193
 2.515000 0.023182 0.023693 4.981942
 2.520000 0.023190 0.023686 4.982062
 2.525000 0.023185 0.023685 4.982084
 2.530000 0.023190 0.023694 4.981926
 2.535000 0.023187 0.023676 4.982243
 2.540000 0.023189 0.023694 4.981927
 2.545000 0.023190 0.023679 4.982191
 2.550000 0.023187 0.023691 4.981975
 2.555000 0.023191 0.023688 4.982037
 2.560000 0.023186 0.023681 4.982149
 2.565000 0.023191 0.023695 4.981917
 2.570000 0.023185 0.023676 4.982248
 2.575000 0.023191 0.023697 4.981879
 2.580000 0.023184 0.023682 4.982131
 2.585000 0.023190 0.023689 4.982015
 2.590000 0.023184 0.023693 4.981943
 2.595000 0.023192 0.023677 4.982220
 2.600000 0.023186 0.023700 4.981817
 2.605000 0.023195 0.023679 4.982195
 2.610000 0.023190 0.023697 4.981884
 2.615000 0.023200 0.023689 4.982022
 2.620000 0.023195 0.023684 4.982095
 2.625000 0.023196 0.023699 4.981842
 2.630000 0.023201 0.023678 4.982199
 2.635000 0.023198 0.023700 4.981825
 2.640000 0.023203 0.023681 4.982150
 2.645000 0.023197 0.023690 4.981997
 2.650000 0.023205 0.023692 4.981960
 2.655000 0.023194 0.023682 4.982133
 2.660000 0.023204 0.023698 4.981860
 2.665000 0.023199 0.023678 4.982202
 2.670000 0.023205 0.023694 4.981921
 2.675000 0.023210 0.023684 4.982110
 2.680000 0.023204 0.023687 4.982046
 2.685000 0.023216 0.023692 4.981960
 2.690000 0.023195 0.023678 4.982208
 2.695000 0.023213 0.023695 4.981908
 2.700000 0.023195 0.023676 4.982235
 2.705000 0.023212 0.023690 4.981994
 2.710000 0.023203 0.023685 4.982078
 2.715000 0.023208 0.023679 4.982185
 2.720000 0.023213 0.023692 4.981960
 2.725000 0.023198 0.023675 4.982256
 2.730000 0.023217 0.023692 4.981960
 2.735000 0.023191 0.023678 4.982199
 2.740000 0.023216 0.023683 4.982128
 2.745000 0.023196 0.023687 4.982056
 2.750000 0.023209 0.023675 4.982255
 2.755000 0.023204 0.023692 4.981964
 2.760000 0.023196 0.023674 4.982274
 2.765000 0.023204 0.023687 4.982057
 2.770000 0.023187 0.023681 4.982157
 2.775000 0.023206 0.023678 4.982214
 2.780000 0.023189 0.023689 4.982014
 2.785000 0.023199 0.023674 4.982275
 2.790000 0.023192 0.023689 4.982009
 2.795000 0.023192 0.023676 4.982233
 2.800000 0.023200 0.023684 4.982103
 2.805000 0.023186 0.023685 4.982090
 2.810000 0.023203 0.023677 4.982218
 2.815000 0.023184 0.023691 4.981983
 2.820000 0.023199 0.023674 4.982270
 2.825000 0.023187 0.023689 4.982017
 2.830000 0.023202 0.023680 4.982171
 2.835000 0.023195 0.023682 4.982130
 2.840000 0.023200 0.023690 4.981993
 2.845000 0.023201 0.023674 4.982267
 2.850000 0.023193 0.023691 4.981988
 2.855000 0.023200 0.023676 4.982246
 2.860000 0.023186 0.023687 4.982055
 2.865000 0.023193 0.023687 4.982050
 2.870000 0.023182 0.023676 4.982238
 2.875000 0.023191 0.023692 4.981970
 2.880000 0.023177 0.023673 4.982297
 2.885000 0.023190 0.023689 4.982022
 2.890000 0.023175 0.023681 4.982149
 2.895000 0.023189 0.023679 4.982181
 2.900000 0.023179 0.023688 4.982027
 2.905000 0.023195 0.023672 4.982312
 2.910000 0.023185 0.023688 4.982037
 2.915000 0.023202 0.023674 4.982270
 2.920000 0.023188 0.023683 4.982121
 2.925000 0.023207 0.023680 4.982168
 2.930000 0.023190 0.023673 4.982296
 2.935000 0.023208 0.023684 4.982096
 2.940000 0.023193 0.023669 4.982357
 2.945000 0.023208 0.023685 4.982086
 2.950000 0.023196 0.023671 4.982319
 2.955000 0.023208 0.023675 4.982249
 2.960000 0.023201 0.023680 4.982169
 2.965000 0.023200 0.023667 4.982388
 2.970000 0.023205 0.023686 4.982065
 2.975000 0.023192 0.023669 4.982370
 2.980000 0.023207 0.023682 4.982144
 2.985000 0.023187 0.023675 4.982254
 2.990000 0.023207 0.023670 4.982342
 2.995000 0.023185 0.023685 4.982082
 3.000000 0.023206 0.023666 4.982407
 3.005000 0.023188 0.023686 4.982072
 3.010000 0.023203 0.023670 4.982348
 3.015000 0.023196 0.023677 4.982221
 3.020000 0.023199 0.023681 4.982161
 3.025000 0.023205 0.023666 4.982405
 3.030000 0.023197 0.023685 4.982080
 3.035000 0.023206 0.023666 4.982415
 3.040000 0.023199 0.023681 4.982161
 3.045000 0.023210 0.023675 4.982260
 3.050000 0.023203 0.023672 4.982310
 3.055000 0.023212 0.023682 4.982137
 3.060000 0.023208 0.023666 4.982415
 3.065000 0.023208 0.023685 4.982092
 3.070000 0.023209 0.023669 4.982354
 3.075000 0.023205 0.023680 4.982176
 3.080000 0.023209 0.023676 4.982238
 3.085000 0.023207 0.023668 4.982377
 3.090000 0.023206 0.023686 4.982069
 3.095000 0.023214 0.023670 4.982338
 3.100000 0.023207 0.023685 4.982081
 3.105000 0.023215 0.023670 4.982353
 3.110000 0.023209 0.023674 4.982272
 3.115000 0.023210 0.023682 4.982139
 3.120000 0.023205 0.023671 4.982334
 3.125000 0.023207 0.023686 4.982071
 3.130000 0.023204 0.023663 4.982464
 3.135000 0.023207 0.023678 4.982207
 3.140000 0.023207 0.023673 4.982292
 3.145000 0.023208 0.023670 4.982345
 3.150000 0.023212 0.023680 4.982165
 3.155000 0.023204 0.023663 4.982472
 3.160000 0.023213 0.023677 4.982217
 3.165000 0.023205 0.023665 4.982428
 3.170000 0.023211 0.023669 4.982366
 3.175000 0.023205 0.023671 4.982321
 3.180000 0.023210 0.023662 4.982487
 3.185000 0.023208 0.023674 4.982279
 3.190000 0.023212 0.023666 4.982419
 3.195000 0.023211 0.023673 4.982292
 3.200000 0.023213 0.023663 4.982472
 3.205000 0.023214 0.023666 4.982416
 3.210000 0.023211 0.023672 4.982305
 3.215000 0.023216 0.023667 4.982403
 3.220000 0.023209 0.023678 4.982208
 3.225000 0.023213 0.023664 4.982454
 3.230000 0.023211 0.023674 4.982279
 3.235000 0.023213 0.023670 4.982351
 3.240000 0.023213 0.023667 4.982398
 3.245000 0.023211 0.023678 4.982211
 3.250000 0.023215 0.023664 4.982441
 3.255000 0.023205 0.023678 4.982212
 3.260000 0.023211 0.023670 4.982341
 3.265000 0.023206 0.023667 4.982400
 3.270000 0.023210 0.023672 4.982308
 3.275000 0.023205 0.023665 4.982435
 3.280000 0.023210 0.023676 4.982237
 3.285000 0.023203 0.023670 4.982340
 3.290000 0.023209 0.023669 4.982360
 3.295000 0.023201 0.023665 4.982438
 3.300000 0.023209 0.023665 4.982439
 3.305000 0.023202 0.023670 4.982336
 3.310000 0.023208 0.023670 4.982351
 3.315000 0.023206 0.023671 4.982322
 3.320000 0.023204 0.023664 4.982449
 3.325000 0.023208 0.023666 4.982418
 3.330000 0.023202 0.023665 4.982425
 3.335000 0.023210 0.023669 4.982362
 3.340000 0.023201 0.023670 4.982344
 3.345000 0.023208 0.023663 4.982461
 3.350000 0.023201 0.023668 4.982380
 3.355000 0.023204 0.023667 4.982401
 3.360000 0.023199 0.023668 4.982384
 3.365000 0.023205 0.023666 4.982421
 3.370000 0.023201 0.023662 4.982488
 3.375000 0.023207 0.023665 4.982425
 3.380000 0.023205 0.023668 4.982382
 3.385000 0.023205 0.023666 4.982418
 3.390000 0.023208 0.023665 4.982430
 3.395000 0.023205 0.023662 4.982484
 3.400000 0.023212 0.023662 4.982488
 3.405000 0.023208 0.023669 4.982368
 3.410000 0.023214 0.023664 4.982454
 3.415000 0.023207 0.023665 4.982434
 3.420000 0.023213 0.023663 4.982471
 3.425000 0.023206 0.023661 4.982501
 3.430000 0.023210 0.023669 4.982361
 3.435000 0.023207 0.023663 4.982463
 3.440000 0.023209 0.023665 4.982433
 3.445000 0.023211 0.023663 4.982471
 3.450000 0.023205 0.023659 4.982542
 3.455000 0.023213 0.023669 4.982356
 3.460000 0.023202 0.023662 4.982487
 3.465000 0.023212 0.023665 4.982434
 3.470000 0.023204 0.023662 4.982485
 3.475000 0.023211 0.023659 4.982537
 3.480000 0.023206 0.023669 4.982367
 3.485000 0.023207 0.023660 4.982517
 3.490000 0.023206 0.023664 4.982448
 3.495000 0.023202 0.023664 4.982440
 3.500000 0.023204 0.023660 4.982521
 3.505000 0.023199 0.023667 4.982389
 3.510000 0.023203 0.023660 4.982521
 3.515000 0.023198 0.023663 4.982469
 3.520000 0.023201 0.023662 4.982484
 3.525000 0.023197 0.023661 4.982496
 3.530000 0.023198 0.023666 4.982416
 3.535000 0.023194 0.023660 4.982519
 3.540000 0.023194 0.023661 4.982496
 3.545000 0.023192 0.023659 4.982535
 3.550000 0.023195 0.023663 4.982472
 3.555000 0.023189 0.023664 4.982447
 3.560000 0.023196 0.023660 4.982510
 3.565000 0.023186 0.023659 4.982530
 3.570000 0.023191 0.023658 4.982549
 3.575000 0.023188 0.023664 4.982455
 3.580000 0.023193 0.023662 4.982481
 3.585000 0.023190 0.023661 4.982498
 3.590000 0.023189 0.023657 4.982572
 3.595000 0.023194 0.023658 4.982558
 3.600000 0.023187 0.023664 4.982446
 3.605000 0.023197 0.023660 4.982510
 3.610000 0.023186 0.023662 4.982485
 3.615000 0.023202 0.023657 4.982577
 3.620000 0.023188 0.023658 4.982556
 3.625000 0.023201 0.023665 4.982432
 3.630000 0.023192 0.023659 4.982528
 3.635000 0.023199 0.023663 4.982468
 3.640000 0.023198 0.023657 4.982568
 3.645000 0.023197 0.023659 4.982543
 3.650000 0.023202 0.023666 4.982418
 3.655000 0.023195 0.023659 4.982540
 3.660000 0.023204 0.023663 4.982461
 3.665000 0.023194 0.023658 4.982557
 3.670000 0.023205 0.023659 4.982530
 3.675000 0.023197 0.023666 4.982419
 3.680000 0.023205 0.023658 4.982546
 3.685000 0.023198 0.023663 4.982466
 3.690000 0.023197 0.023659 4.982541
 3.695000 0.023202 0.023660 4.982521
 3.700000 0.023193 0.023665 4.982426
 3.705000 0.023207 0.023658 4.982543
 3.710000 0.023191 0.023662 4.982478
 3.715000 0.023206 0.023660 4.982524
 3.720000 0.023194 0.023660 4.982514
 3.725000 0.023200 0.023665 4.982433
 3.730000 0.023192 0.023659 4.982535
 3.735000 0.023196 0.023661 4.982497
 3.740000 0.023193 0.023661 4.982508
 3.745000 0.023191 0.023661 4.982507
 3.750000 0.023195 0.023665 4.982439
 3.755000 0.023188 0.023659 4.982527
 3.760000 0.023193 0.023660 4.982524
 3.765000 0.023183 0.023662 4.982488
 3.770000 0.023187 0.023661 4.982495
 3.775000 0.023184 0.023664 4.982440
 3.780000 0.023188 0.023660 4.982521
 3.785000 0.023181 0.023658 4.982560
 3.790000 0.023188 0.023663 4.982473
 3.795000 0.023186 0.023661 4.982496
 3.800000 0.023188 0.023664 4.982453
 3.805000 0.023188 0.023659 4.982527
 3.810000 0.023187 0.023656 4.982592
 3.815000 0.023191 0.023663 4.982468
 3.820000 0.023189 0.023661 4.982504
 3.825000 0.023197 0.023663 4.982467
 3.830000 0.023191 0.023659 4.982531
 3.835000 0.023198 0.023654 4.982618
 3.840000 0.023193 0.023663 4.982469
 3.845000 0.023195 0.023661 4.982506
 3.850000 0.023195 0.023662 4.982475
 3.855000 0.023193 0.023659 4.982537
 3.860000 0.023202 0.023655 4.982605
 3.865000 0.023195 0.023662 4.982478
 3.870000 0.023206 0.023661 4.982498
 3.875000 0.023193 0.023662 4.982482
 3.880000 0.023202 0.023658 4.982550
 3.885000 0.023191 0.023656 4.982578
 3.890000 0.023195 0.023661 4.982495
 3.895000 0.023191 0.023662 4.982488
 3.900000 0.023192 0.023661 4.982500
 3.905000 0.023189 0.023657 4.982570
 3.910000 0.023188 0.023658 4.982545
 3.915000 0.023194 0.023660 4.982525
 3.920000 0.023188 0.023662 4.982483
 3.925000 0.023193 0.023659 4.982540
 3.930000 0.023185 0.023656 4.982590
 3.935000 0.023190 0.023660 4.982519
 3.940000 0.023189 0.023657 4.982566
 3.945000 0.023191 0.023662 4.982484
 3.950000 0.023189 0.023656 4.982584
 3.955000 0.023191 0.023655 4.982606
 3.960000 0.023188 0.023661 4.982504
 3.965000 0.023186 0.023655 4.982606
 3.970000 0.023190 0.023662 4.982479
 3.975000 0.023189 0.023654 4.982623
 3.980000 0.023192 0.023654 4.982623
 3.985000 0.023186 0.023661 4.982496
 3.990000 0.023188 0.023653 4.982641
 3.995000 0.023181 0.023663 4.982473
 4.000000 0.023181 0.023651 4.982665
 4.005000 0.023176 0.023653 4.982641
 4.010000 0.023178 0.023661 4.982502
 4.015000 0.023174 0.023651 4.982670
 4.020000 0.023179 0.023662 4.982487
 4.025000 0.023173 0.023649 4.982704
 4.030000 0.023175 0.023652 4.982661
 4.035000 0.023172 0.023660 4.982523
 4.040000 0.023172 0.023650 4.982691
 4.045000 0.023174 0.023660 4.982509
 4.050000 0.023171 0.023648 4.982731
 4.055000 0.023176 0.023651 4.982681
 4.060000 0.023171 0.023658 4.982554
 4.065000 0.023177 0.023649 4.982705
 4.070000 0.023172 0.023659 4.982543
 4.075000 0.023181 0.023646 4.982759
 4.080000 0.023176 0.023649 4.982710
 4.085000 0.023179 0.023655 4.982595
 4.090000 0.023179 0.023649 4.982713
 4.095000 0.023176 0.023656 4.982589
 4.100000 0.023181 0.023645 4.982784
 4.105000 0.023176 0.023647 4.982749
 4.110000 0.023184 0.023653 4.982642
 4.115000 0.023179 0.023649 4.982715
 4.120000 0.023187 0.023653 4.982646
 4.125000 0.023184 0.023643 4.982806
 4.130000 0.023181 0.023646 4.982757
 4.135000 0.023187 0.023650 4.982683
 4.140000 0.023176 0.023649 4.982706
 4.145000 0.023185 0.023649 4.982703
 4.150000 0.023173 0.023642 4.982828
 4.155000 0.023187 0.023647 4.982749
 4.160000 0.023176 0.023648 4.982723
 4.165000 0.023188 0.023650 4.982695
 4.170000 0.023187 0.023645 4.982769
 4.175000 0.023186 0.023642 4.982832
 4.180000 0.023193 0.023647 4.982744
 4.185000 0.023180 0.023646 4.982764
 4.190000 0.023195 0.023650 4.982689
 4.195000 0.023183 0.023642 4.982836
 4.200000 0.023192 0.023642 4.982824
 4.205000 0.023183 0.023647 4.982740
 4.210000 0.023190 0.023643 4.982805
 4.215000 0.023183 0.023650 4.982688
 4.220000 0.023189 0.023638 4.982896
 4.225000 0.023184 0.023643 4.982816
 4.230000 0.023189 0.023647 4.982737
 4.235000 0.023184 0.023641 4.982840
 4.240000 0.023188 0.023650 4.982690
 4.245000 0.023185 0.023638 4.982899
 4.250000 0.023187 0.023643 4.982813
 4.255000 0.023186 0.023648 4.982730
 4.260000 0.023189 0.023640 4.982856
 4.265000 0.023188 0.023650 4.982694
 4.270000 0.023185 0.023639 4.982873
 4.275000 0.023185 0.023642 4.982820
 4.280000 0.023180 0.023648 4.982718
 4.285000 0.023179 0.023641 4.982850
 4.290000 0.023175 0.023650 4.982697
 4.295000 0.023180 0.023641 4.982840
 4.300000 0.023172 0.023642 4.982831
 4.305000 0.023183 0.023650 4.982695
 4.310000 0.023173 0.023642 4.982828
 4.315000 0.023185 0.023649 4.982699
 4.320000 0.023178 0.023643 4.982804
 4.325000 0.023183 0.023641 4.982841
 4.330000 0.023180 0.023651 4.982671
 4.335000 0.023178 0.023644 4.982801
 4.340000 0.023179 0.023649 4.982702
 4.345000 0.023179 0.023645 4.982771
 4.350000 0.023180 0.023641 4.982850
 4.355000 0.023179 0.023652 4.982652
 4.360000 0.023182 0.023645 4.982772
 4.365000 0.023180 0.023649 4.982704
 4.370000 0.023184 0.023647 4.982748
 4.375000 0.023180 0.023642 4.982821
 4.380000 0.023186 0.023653 4.982643
 4.385000 0.023179 0.023647 4.982746
 4.390000 0.023182 0.023649 4.982709
 4.395000 0.023182 0.023647 4.982742
 4.400000 0.023182 0.023644 4.982789
 4.405000 0.023181 0.023653 4.982642
 4.410000 0.023179 0.023648 4.982730
 4.415000 0.023178 0.023648 4.982719
 4.420000 0.023176 0.023647 4.982746
 4.425000 0.023177 0.023646 4.982751
 4.430000 0.023178 0.023653 4.982639
 4.435000 0.023179 0.023649 4.982715
 4.440000 0.023178 0.023648 4.982731
 4.445000 0.023179 0.023646 4.982754
 4.450000 0.023174 0.023649 4.982713
 4.455000 0.023181 0.023652 4.982652
 4.460000 0.023178 0.023649 4.982710
 4.465000 0.023184 0.023646 4.982751
 4.470000 0.023185 0.023645 4.982771
 4.475000 0.023183 0.023650 4.982690
 4.480000 0.023186 0.023650 4.982682
 4.485000 0.023182 0.023649 4.982707
 4.490000 0.023187 0.023652 4.982653
 4.495000 0.023185 0.023644 4.982791
 4.500000 0.023189 0.023651 4.982669
 4.505000 0.023184 0.023649 4.982712
 4.510000 0.023180 0.023649 4.982702
 4.515000 0.023186 0.023652 4.982650
 4.520000 0.023175 0.023643 4.982812
 4.525000 0.023188 0.023657 4.982563
 4.530000 0.023178 0.023647 4.982740
 4.535000 0.023187 0.023651 4.982669
 4.540000 0.023176 0.023646 4.982760
 4.545000 0.023183 0.023642 4.982824
 4.550000 0.023170 0.023656 4.982578
 4.555000 0.023183 0.023646 4.982764
 4.560000 0.023172 0.023662 4.982488
 4.565000 0.023180 0.023646 4.982754
 4.570000 0.023178 0.023656 4.982591
 4.575000 0.023189 0.023653 4.982631
 4.580000 0.023185 0.023644 4.982785
 4.585000 0.023191 0.023658 4.982558
 4.590000 0.023190 0.023646 4.982760
 4.595000 0.023190 0.023662 4.982475
 4.600000 0.023186 0.023653 4.982646
 4.605000 0.023190 0.023657 4.982575
 4.610000 0.023195 0.023648 4.982721
 4.615000 0.023192 0.023645 4.982775
 4.620000 0.023192 0.023654 4.982614
 4.625000 0.023197 0.023651 4.982667
 4.630000 0.023192 0.023660 4.982520
 4.635000 0.023197 0.023647 4.982741
 4.640000 0.023196 0.023655 4.982599
 4.645000 0.023205 0.023644 4.982796
 4.650000 0.023200 0.023650 4.982687
 4.655000 0.023197 0.023652 4.982656
 4.660000 0.023188 0.023646 4.982767
 4.665000 0.023190 0.023659 4.982536
 4.670000 0.023190 0.023645 4.982774
 4.675000 0.023194 0.023658 4.982549
 4.680000 0.023200 0.023644 4.982795
 4.685000 0.023197 0.023648 4.982724
 4.690000 0.023204 0.023652 4.982652
 4.695000 0.023188 0.023646 4.982750
 4.700000 0.023202 0.023661 4.982495
 4.705000 0.023192 0.023645 4.982779
 4.710000 0.023201 0.023661 4.982500
 4.715000 0.023197 0.023644 4.982802
 4.720000 0.023195 0.023651 4.982677
 4.725000 0.023198 0.023654 4.982622
 4.730000 0.023186 0.023646 4.982760
 4.735000 0.023198 0.023664 4.982449
 4.740000 0.023185 0.023644 4.982799
 4.745000 0.023197 0.023664 4.982448
 4.750000 0.023195 0.023645 4.982776
 4.755000 0.023197 0.023653 4.982632
 4.760000 0.023195 0.023653 4.982631
 4.765000 0.023198 0.023644 4.982798
 4.770000 0.023195 0.023664 4.982452
 4.775000 0.023190 0.023644 4.982789
 4.780000 0.023194 0.023663 4.982458
 4.785000 0.023192 0.023643 4.982818
 4.790000 0.023198 0.023652 4.982651
 4.795000 0.023191 0.023652 4.982660
 4.800000 0.023189 0.023644 4.982792
 4.805000 0.023190 0.023662 4.982475
 4.810000 0.023183 0.023644 4.982800
 4.815000 0.023185 0.023662 4.982479
 4.820000 0.023181 0.023650 4.982686
 4.825000 0.023186 0.023651 4.982674
 4.830000 0.023181 0.023650 4.982696
 4.835000 0.023190 0.023645 4.982781
 4.840000 0.023183 0.023660 4.982515
 4.845000 0.023192 0.023650 4.982689
 4.850000 0.023184 0.023660 4.982521
 4.855000 0.023189 0.023645 4.982773
 4.860000 0.023188 0.023649 4.982701
 4.865000 0.023188 0.023646 4.982764
 4.870000 0.023194 0.023649 4.982703
 4.875000 0.023187 0.023656 4.982594
 4.880000 0.023189 0.023644 4.982800
 4.885000 0.023189 0.023655 4.982600
 4.890000 0.023183 0.023646 4.982765
 4.895000 0.023189 0.023649 4.982714
 4.900000 0.023187 0.023645 4.982782
 4.905000 0.023193 0.023642 4.982830
 4.910000 0.023195 0.023651 4.982674
 4.915000 0.023191 0.023646 4.982761
 4.920000 0.023186 0.023652 4.982657
 4.925000 0.023192 0.023645 4.982784
 4.930000 0.023183 0.023643 4.982807
 4.935000 0.023197 0.023646 4.982756
 4.940000 0.023194 0.023646 4.982763
 4.945000 0.023198 0.023647 4.982737
 4.950000 0.023196 0.023643 4.982803
 4.955000 0.023193 0.023650 4.982696
 4.960000 0.023195 0.023645 4.982774
 4.965000 0.023194 0.023645 4.982772
 4.970000 0.023196 0.023645 4.982774
 4.975000 0.023198 0.023642 4.982826
 4.980000 0.023202 0.023645 4.982769
 4.985000 0.023201 0.023644 4.982796
 4.990000 0.023191 0.023648 4.982718
 4.995000 0.023198 0.023643 4.982805
 5.000000 0.023183 0.023642 4.982828